Feature,Importance,Cumulative
189-251,0.064436535,0.064436535
153-300,0.0622685,0.126705035
191-300,0.043504895,0.17020993
216-300,0.042382709,0.212592639
189-265,0.041359423,0.253952062
189-228,0.038192873,0.292144935
189-194,0.037806108,0.329951043
189-217,0.036026593,0.365977636
189-239,0.03386459,0.399842226
188-191,0.0314372,0.431279426
189-249,0.028101942,0.459381368
189-213,0.026459622,0.48584099
189-220,0.026023634,0.511864624
189-268,0.025387152,0.537251776
242-300,0.024792429,0.562044205
127-225,0.02174234,0.583786545
198-300,0.018921015,0.60270756
155-191,0.018863309,0.621570868
221-300,0.01871715,0.640288019
189-264,0.017690176,0.657978195
222-300,0.017411899,0.675390094
189-231,0.017308766,0.692698861
191-239,0.016619724,0.709318585
189-192,0.011880258,0.721198843
191-193,0.009901642,0.731100486
128-225,0.009565549,0.740666035
189-267,0.009048582,0.749714617
189-252,0.008882096,0.758596713
228-300,0.008848193,0.767444906
189-250,0.008734841,0.776179748
239-300,0.008555044,0.784734792
155-190,0.008422115,0.793156906
195-300,0.008093253,0.801250159
274-300,0.008028536,0.809278695
199-300,0.007985932,0.817264627
215-300,0.007805659,0.825070286
249-300,0.007671103,0.832741389
209-300,0.007648633,0.840390022
189-300,0.007628101,0.848018123
277-300,0.007593871,0.855611994
151-300,0.007537776,0.863149769
145-300,0.00752801,0.87067778
189-266,0.007202066,0.877879845
60-183,0.006803075,0.88468292
175-177,0.004219493,0.888902413
191-228,0.003258246,0.89216066
191-217,0.003050329,0.895210988
189-254,0.002501566,0.897712554
208-266,0.002237144,0.899949698
130-193,0.002178049,0.902127747
133-206,0.002078418,0.904206165
193-206,0.002074973,0.906281138
254-295,0.00198082,0.908261958
225-288,0.001905358,0.910167316
34-155,0.001889133,0.912056449
60-191,0.001877044,0.913933493
139-208,0.001858756,0.915792249
89-190,0.001856722,0.917648971
153-181,0.001731972,0.919380943
206-210,0.001707705,0.921088648
189-238,0.001652012,0.92274066
94-191,0.001554042,0.924294702
193-210,0.001534886,0.925829588
191-224,0.001517586,0.927347174
161-190,0.001509173,0.928856347
208-255,0.001478608,0.930334955
191-261,0.001431978,0.931766933
206-211,0.001416466,0.933183399
189-253,0.001365048,0.934548448
191-248,0.001348577,0.935897024
186-216,0.001303175,0.937200199
133-208,0.001299448,0.938499647
62-191,0.001287056,0.939786704
50-186,0.001285253,0.941071957
247-300,0.001156767,0.942228724
155-177,0.001129655,0.943358379
168-208,0.001117241,0.94447562
38-191,0.001114429,0.945590048
206-242,0.001072174,0.946662223
126-295,0.001070796,0.947733018
208-215,0.0010575,0.948790519
191-260,0.001014421,0.94980494
191-223,0.000994776,0.950799717
173-184,0.000976733,0.95177645
237-300,0.000959831,0.95273628
189-193,0.000943106,0.953679386
112-206,0.000940826,0.954620212
136-208,0.000915108,0.95553532
53-190,0.000893699,0.956429019
184-283,0.00087782,0.957306839
43-206,0.000872772,0.958179611
89-183,0.000863337,0.959042948
183-206,0.000850984,0.959893932
189-269,0.000850825,0.960744757
87-190,0.000846856,0.961591613
111-185,0.000841008,0.962432621
56-183,0.000835917,0.963268538
53-155,0.000834719,0.964103257
191-194,0.000828898,0.964932155
223-295,0.000826193,0.965758348
186-257,0.000810617,0.966568965
208-264,0.000808198,0.967377163
172-183,0.000797642,0.968174805
156-191,0.000794675,0.968969479
189-247,0.000786281,0.969755761
141-184,0.00077241,0.970528171
189-273,0.000769001,0.971297172
54-190,0.000756416,0.972053589
238-300,0.000745398,0.972798987
206-221,0.000725631,0.973524618
93-190,0.000717219,0.974241837
145-256,0.000698461,0.974940297
145-183,0.000672945,0.975613242
189-296,0.000666962,0.976280204
167-185,0.000661997,0.976942201
184-280,0.000643586,0.977585787
99-155,0.000618796,0.978204583
153-180,0.000617667,0.97882225
77-155,0.000607952,0.979430201
189-197,0.000585314,0.980015515
186-274,0.000555345,0.98057086
129-208,0.000539014,0.981109874
64-155,0.000538556,0.98164843
190-241,0.000526089,0.982174519
153-254,0.000524209,0.982698728
64-191,0.000524088,0.983222815
42-124,0.000484375,0.98370719
102-191,0.000481945,0.984189136
39-187,0.000454299,0.984643435
186-245,0.000454246,0.98509768
194-300,0.000454121,0.985551801
208-299,0.000452333,0.986004135
57-191,0.000449982,0.986454116
53-156,0.000432269,0.986886386
191-257,0.000416531,0.987302917
140-184,0.000416511,0.987719428
186-248,0.000403377,0.988122805
151-180,0.000391275,0.988514081
151-155,0.000360116,0.988874197
127-208,0.000339038,0.989213235
46-206,0.000337047,0.989550281
250-295,0.000311661,0.989861943
60-190,0.00030783,0.990169773
93-191,0.000298155,0.990467928
52-191,0.000288669,0.990756597
93-182,0.000278486,0.991035083
155-180,0.000264209,0.991299292
153-184,0.000255141,0.991554433
172-208,0.000234797,0.991789229
88-183,0.000233853,0.992023083
42-206,0.000233526,0.992256609
187-191,0.000229389,0.992485998
141-208,0.000219302,0.9927053
132-302,0.000216617,0.992921918
87-208,0.00021237,0.993134287
225-287,0.000211283,0.99334557
90-190,0.000210674,0.993556244
126-208,0.000196034,0.993752279
254-283,0.000160887,0.993913166
178-187,0.000158924,0.99407209
95-191,0.000156901,0.994228992
140-191,0.000150624,0.994379615
37-186,0.000136373,0.994515989
184-274,0.000136127,0.994652115
96-191,0.000134163,0.994786278
185-275,0.00012624,0.994912519
173-191,0.000120842,0.995033361
112-300,0.000120252,0.995153612
92-191,0.000111584,0.995265197
172-182,0.000109198,0.995374394
50-190,0.000104931,0.995479325
74-191,9.27E-05,0.995572027
189-242,9.12E-05,0.995663227
189-198,9.11E-05,0.995754295
39-190,9.10E-05,0.995845295
62-185,9.07E-05,0.995936023
191-277,8.32E-05,0.996019263
208-287,8.31E-05,0.99610236
227-300,8.22E-05,0.996184551
49-206,7.82E-05,0.996262739
82-256,7.66E-05,0.996339349
191-241,7.62E-05,0.996415588
134-189,7.49E-05,0.996490448
29-182,7.46E-05,0.996565025
208-223,6.84E-05,0.996633466
54-161,6.84E-05,0.996701867
175-223,6.59E-05,0.996767792
103-186,6.54E-05,0.996833184
49-186,6.50E-05,0.996898196
233-300,6.40E-05,0.996962174
189-258,6.31E-05,0.997025241
154-161,6.27E-05,0.997087972
244-300,6.15E-05,0.997149485
257-295,6.08E-05,0.997210239
99-186,6.03E-05,0.997270567
189-219,5.95E-05,0.997330081
63-71,5.88E-05,0.997388862
192-300,5.86E-05,0.997447427
155-197,5.75E-05,0.99750497
185-206,5.32E-05,0.997558191
76-300,5.32E-05,0.997611384
75-117,5.31E-05,0.997664489
115-189,5.29E-05,0.997717425
127-189,5.24E-05,0.997769797
197-300,5.16E-05,0.997821433
189-248,5.08E-05,0.997872277
208-298,5.01E-05,0.99792242
96-155,5.01E-05,0.997972528
190-240,4.91E-05,0.998021638
126-302,4.88E-05,0.998070457
206-249,4.65E-05,0.998116982
130-175,4.56E-05,0.998162591
57-190,4.56E-05,0.998208197
138-190,4.56E-05,0.998253768
208-283,4.46E-05,0.998298387
41-182,4.46E-05,0.998342956
157-191,4.41E-05,0.998387054
176-185,4.37E-05,0.998430786
175-186,4.29E-05,0.998473715
190-251,3.90E-05,0.998512691
70-186,3.80E-05,0.998550658
153-183,3.78E-05,0.99858847
176-184,3.77E-05,0.998626204
92-182,3.69E-05,0.998663141
255-302,3.64E-05,0.998699519
208-222,3.62E-05,0.998735709
36-191,3.45E-05,0.998770208
192-264,3.04E-05,0.998800655
128-189,3.04E-05,0.998831063
156-190,3.04E-05,0.99886147
192-249,3.04E-05,0.998891847
191-265,3.04E-05,0.998922215
42-191,3.00E-05,0.998952233
208-285,3.00E-05,0.998982238
151-259,2.99E-05,0.99901214
171-184,2.98E-05,0.999041959
190-192,2.93E-05,0.999071254
193-222,2.91E-05,0.999100351
38-185,2.90E-05,0.999129356
107-208,2.87E-05,0.999158068
205-300,2.71E-05,0.999185158
71-189,2.28E-05,0.999208002
69-140,2.28E-05,0.99923084
180-183,2.28E-05,0.999253675
146-180,2.28E-05,0.999276505
61-116,2.28E-05,0.999299326
52-189,2.28E-05,0.999322138
139-207,2.28E-05,0.999344935
169-191,2.22E-05,0.999367157
90-183,2.18E-05,0.99938892
50-80,2.13E-05,0.999410187
104-182,2.08E-05,0.999431029
190-252,2.08E-05,0.999451808
68-300,1.86E-05,0.999470381
151-253,1.60E-05,0.999486385
218-300,1.52E-05,0.999501627
162-189,1.52E-05,0.999516866
158-300,1.52E-05,0.999532105
92-178,1.52E-05,0.999547336
208-259,1.52E-05,0.999562567
187-190,1.52E-05,0.999577796
144-180,1.52E-05,0.999593022
138-180,1.52E-05,0.999608248
206-214,1.52E-05,0.999623467
100-182,1.52E-05,0.999638682
155-269,1.51E-05,0.999653819
52-185,1.50E-05,0.999668869
139-189,1.50E-05,0.999683905
184-284,1.49E-05,0.999698789
40-191,1.49E-05,0.99971366
269-300,1.48E-05,0.999728492
284-302,1.47E-05,0.999743239
115-208,1.41E-05,0.999757305
180-265,1.35E-05,0.99977085
75-252,1.32E-05,0.999784062
186-205,1.19E-05,0.999795916
189-259,1.19E-05,0.999807769
45-186,1.09E-05,0.999818654
156-189,7.62E-06,0.999826278
188-203,7.62E-06,0.999833901
175-251,7.62E-06,0.999841521
95-190,7.62E-06,0.99984914
48-70,7.62E-06,0.999856758
148-184,7.62E-06,0.999864377
276-302,7.62E-06,0.999871995
51-186,7.62E-06,0.999879613
189-230,7.62E-06,0.99988723
68-72,7.62E-06,0.999894847
47-187,7.62E-06,0.999902463
189-226,7.62E-06,0.999910079
142-184,7.61E-06,0.999917694
173-208,7.61E-06,0.999925304
49-167,7.60E-06,0.999932902
39-70,7.58E-06,0.999940485
91-183,7.51E-06,0.999948
147-184,7.48E-06,0.999955477
240-300,7.38E-06,0.999962858
124-182,7.37E-06,0.999970232
223-293,7.04E-06,0.999977269
292-299,6.99E-06,0.999984255
76-276,6.86E-06,0.999991113
259-288,5.08E-06,0.999996192
134-300,3.36E-06,0.999999555
93-183,4.45E-07,1
138-189,0,1
175-198,0,1
61-123,0,1
208-296,0,1
189-245,0,1
115-187,0,1
208-279,0,1
127-175,0,1
191-222,0,1
170-182,0,1
70-133,0,1
37-155,0,1
189-221,0,1
246-303,0,1
76-259,0,1
76-289,0,1
194-288,0,1
79-191,0,1
74-81,0,1
59-70,0,1
142-182,0,1
88-182,0,1
139-153,0,1
179-196,0,1
49-191,0,1
166-180,0,1
105-189,0,1
148-155,0,1
164-183,0,1
193-199,0,1
137-183,0,1
81-300,0,1
140-300,0,1
70-121,0,1
189-293,0,1
189-274,0,1
79-252,0,1
187-269,0,1
90-300,0,1
45-206,0,1
219-302,0,1
42-178,0,1
141-183,0,1
102-189,0,1
178-189,0,1
64-177,0,1
185-283,0,1
191-226,0,1
144-190,0,1
66-90,0,1
259-303,0,1
207-268,0,1
152-207,0,1
58-81,0,1
191-230,0,1
186-267,0,1
38-124,0,1
82-294,0,1
145-193,0,1
249-273,0,1
114-206,0,1
194-223,0,1
188-299,0,1
46-182,0,1
54-180,0,1
187-213,0,1
191-232,0,1
129-237,0,1
201-300,0,1
134-208,0,1
191-195,0,1
77-186,0,1
141-178,0,1
145-273,0,1
130-302,0,1
65-70,0,1
191-256,0,1
43-186,0,1
60-155,0,1
104-186,0,1
187-189,0,1
184-282,0,1
190-264,0,1
175-219,0,1
67-180,0,1
77-119,0,1
210-300,0,1
30-190,0,1
155-264,0,1
190-249,0,1
189-190,0,1
153-288,0,1
184-288,0,1
184-215,0,1
114-300,0,1
77-159,0,1
232-300,0,1
206-291,0,1
128-153,0,1
70-91,0,1
153-276,0,1
189-225,0,1
67-189,0,1
159-300,0,1
179-199,0,1
70-215,0,1
125-295,0,1
170-208,0,1
214-300,0,1
189-261,0,1
270-300,0,1
202-300,0,1
280-300,0,1
142-300,0,1
189-257,0,1
259-281,0,1
85-259,0,1
162-300,0,1
254-281,0,1
255-296,0,1
86-208,0,1
253-288,0,1
118-208,0,1
152-300,0,1
170-300,0,1
150-256,0,1
145-259,0,1
149-259,0,1
191-255,0,1
60-208,0,1
75-300,0,1
207-230,0,1
190-228,0,1
186-199,0,1
153-198,0,1
189-255,0,1
30-191,0,1
70-107,0,1
177-279,0,1
154-172,0,1
70-90,0,1
48-180,0,1
43-70,0,1
187-204,0,1
136-190,0,1
130-183,0,1
175-257,0,1
31-190,0,1
102-186,0,1
171-190,0,1
207-213,0,1
179-243,0,1
133-189,0,1
184-262,0,1
133-183,0,1
189-236,0,1
298-300,0,1
129-189,0,1
76-89,0,1
54-70,0,1
161-182,0,1
110-183,0,1
40-70,0,1
189-287,0,1
252-295,0,1
186-247,0,1
133-194,0,1
206-302,0,1
121-220,0,1
149-179,0,1
182-296,0,1
124-189,0,1
41-185,0,1
187-200,0,1
164-302,0,1
37-190,0,1
69-186,0,1
100-155,0,1
155-257,0,1
69-189,0,1
208-271,0,1
112-208,0,1
76-133,0,1
153-275,0,1
132-206,0,1
208-276,0,1
191-221,0,1
184-210,0,1
148-190,0,1
195-298,0,1
177-180,0,1
125-191,0,1
189-289,0,1
208-225,0,1
48-182,0,1
138-300,0,1
77-103,0,1
189-272,0,1
160-270,0,1
144-191,0,1
178-284,0,1
253-285,0,1
161-300,0,1
179-300,0,1
173-186,0,1
