Feature,Importance,Cumulative
188-191,0.065433958,0.065433958
189-251,0.049986219,0.115420177
128-225,0.044187127,0.159607304
189-194,0.042816796,0.2024241
221-300,0.04202544,0.244449539
189-229,0.03902777,0.283477309
155-190,0.033917983,0.317395292
189-217,0.026670437,0.344065729
189-228,0.026550358,0.370616087
155-191,0.026256998,0.396873085
245-300,0.026046689,0.422919773
191-300,0.025220408,0.448140181
213-300,0.024442284,0.472582465
189-253,0.024058974,0.496641439
267-300,0.023896532,0.520537971
189-249,0.021501149,0.542039119
189-213,0.019547803,0.561586922
191-193,0.01839879,0.579985712
153-300,0.018355757,0.598341469
189-268,0.016685195,0.615026664
274-300,0.016412403,0.631439067
189-231,0.016069009,0.647508076
215-300,0.015428582,0.662936658
189-261,0.015235462,0.678172119
209-300,0.015060718,0.693232838
127-225,0.012853189,0.706086027
189-267,0.011311478,0.717397505
189-239,0.009537061,0.726934566
189-220,0.009462563,0.736397128
198-300,0.00940632,0.745803449
189-192,0.009078025,0.754881474
228-300,0.00891647,0.763797944
189-250,0.008722928,0.772520872
189-252,0.008639676,0.781160548
189-230,0.008485026,0.789645574
216-300,0.00824609,0.797891664
239-300,0.008217456,0.80610912
138-300,0.008105866,0.814214986
298-300,0.008031902,0.822246888
189-247,0.008008628,0.830255516
269-300,0.007799453,0.838054968
270-300,0.007623983,0.845678951
217-300,0.007558401,0.853237353
189-300,0.00754825,0.860785603
151-300,0.007458555,0.868244158
142-300,0.007328514,0.875572672
195-300,0.00731187,0.882884542
189-255,0.003055459,0.885940001
126-225,0.003043558,0.888983559
193-196,0.002985803,0.891969362
189-254,0.002792992,0.894762354
155-177,0.00272293,0.897485284
191-255,0.002480314,0.899965597
208-285,0.002251368,0.902216965
155-212,0.002228402,0.904445367
155-264,0.001851158,0.906296525
50-190,0.00176411,0.908060636
116-189,0.001763579,0.909824215
170-183,0.001738645,0.91156286
60-190,0.001711985,0.913274845
247-300,0.001667995,0.91494284
112-208,0.001655648,0.916598487
153-223,0.001654529,0.918253016
191-239,0.001641326,0.919894342
189-193,0.001560839,0.921455181
56-190,0.001514269,0.92296945
88-183,0.001455751,0.924425201
151-253,0.001444269,0.92586947
45-186,0.001434361,0.927303831
115-206,0.001429197,0.928733028
130-193,0.001412009,0.930145038
129-208,0.001382403,0.931527441
153-181,0.001381053,0.932908494
191-257,0.001366122,0.934274615
62-70,0.001293464,0.93556808
189-265,0.001291182,0.936859262
238-300,0.001274436,0.938133698
155-197,0.001271962,0.939405659
50-186,0.001268188,0.940673848
39-185,0.001192443,0.941866291
191-247,0.001184192,0.943050483
59-70,0.001145987,0.94419647
35-190,0.001142729,0.945339199
39-190,0.001120935,0.946460134
191-217,0.001111342,0.947571476
147-184,0.001089376,0.948660852
165-187,0.001065152,0.949726004
193-222,0.001029032,0.950755036
64-155,0.001027663,0.951782699
189-197,0.001025078,0.952807777
191-261,0.000993462,0.953801238
253-285,0.000993426,0.954794665
145-259,0.000985252,0.955779917
237-300,0.00098248,0.956762397
153-254,0.000981474,0.957743871
191-260,0.000948003,0.958691874
69-206,0.000941479,0.959633353
184-274,0.000934928,0.960568281
184-215,0.000921077,0.961489357
208-294,0.000920143,0.9624095
206-249,0.000913629,0.963323129
191-241,0.000906637,0.964229767
155-257,0.000894488,0.965124254
184-206,0.000893621,0.966017875
136-190,0.000891979,0.966909854
57-190,0.00089121,0.967801065
155-213,0.000876702,0.968677766
190-234,0.000858466,0.969536232
189-273,0.000839106,0.970375338
60-191,0.000829669,0.971205007
175-280,0.000808594,0.972013601
189-242,0.00078701,0.972800611
200-206,0.000780626,0.973581237
187-191,0.000737967,0.974319204
37-190,0.000721502,0.975040707
51-191,0.000677589,0.975718296
189-221,0.00066756,0.976385856
155-185,0.000641099,0.977026955
128-189,0.000639158,0.977666114
208-284,0.000639006,0.978305119
189-246,0.000629738,0.978934857
116-300,0.000616702,0.979551559
136-183,0.000603462,0.980155021
189-262,0.000600468,0.98075549
189-238,0.000585087,0.981340576
181-300,0.000571265,0.981911841
145-180,0.000561626,0.982473467
49-182,0.000534166,0.983007634
155-157,0.000483857,0.98349149
140-182,0.000478223,0.983969713
170-208,0.000477254,0.984446967
53-190,0.000465842,0.984912809
58-190,0.000428685,0.985341494
227-300,0.000422794,0.985764288
189-269,0.000385366,0.986149654
133-175,0.000380827,0.986530481
193-300,0.000375932,0.986906413
80-221,0.00035902,0.987265433
32-190,0.000342218,0.987607651
186-191,0.000329694,0.987937346
208-225,0.000329067,0.988266413
139-208,0.000315389,0.988581802
94-191,0.000311798,0.9888936
138-190,0.000285329,0.989178929
53-156,0.000277824,0.989456753
102-189,0.000272096,0.989728848
194-300,0.000265484,0.989994332
61-186,0.000265125,0.990259457
189-190,0.000256584,0.990516041
56-183,0.000249651,0.990765692
208-223,0.000249058,0.99101475
105-190,0.00024856,0.99126331
206-216,0.000243863,0.991507173
184-273,0.000235919,0.991743092
191-226,0.000234684,0.991977776
155-267,0.00021299,0.992190766
93-191,0.000211554,0.99240232
133-189,0.000204043,0.992606363
117-300,0.000197036,0.9928034
206-243,0.000189148,0.992992548
206-210,0.000173885,0.993166432
193-295,0.000169036,0.993335468
59-185,0.000159166,0.993494634
133-194,0.00015871,0.993653344
240-297,0.000144007,0.993797351
173-182,0.000139603,0.993936954
139-190,0.000135972,0.994072926
233-300,0.000132424,0.99420535
114-300,0.000128363,0.994333713
202-208,0.000125818,0.99445953
208-278,0.000121149,0.99458068
91-183,0.000121109,0.994701789
192-257,0.000120792,0.994822581
140-191,0.000120681,0.994943261
70-101,0.000119967,0.995063229
254-281,0.000118406,0.995181634
142-184,0.00011748,0.995299114
38-155,0.000114345,0.995413459
185-206,0.000113504,0.995526963
70-173,0.000107957,0.99563492
179-300,0.000102649,0.995737568
189-259,0.000101831,0.995839399
52-191,0.000101786,0.995941185
162-206,0.000101147,0.996042332
189-198,9.88E-05,0.996141132
118-185,9.83E-05,0.996239382
60-185,9.11E-05,0.996330456
127-189,9.05E-05,0.996420919
92-178,8.81E-05,0.996509052
273-300,8.71E-05,0.996596181
31-191,8.68E-05,0.996683012
102-191,8.31E-05,0.996766124
190-238,8.08E-05,0.996846893
184-283,7.78E-05,0.996924734
191-195,7.63E-05,0.997001068
208-276,7.60E-05,0.997077099
208-299,7.58E-05,0.997152946
86-183,7.58E-05,0.997228787
173-184,7.15E-05,0.997300299
167-208,7.07E-05,0.997371027
133-183,6.84E-05,0.997439432
158-300,6.83E-05,0.99750778
190-249,6.83E-05,0.997576051
175-251,6.82E-05,0.997644206
145-177,6.46E-05,0.997708837
159-300,6.08E-05,0.997769619
252-295,6.08E-05,0.997830388
155-269,6.05E-05,0.997890923
50-183,5.92E-05,0.997950111
93-190,5.11E-05,0.998001238
184-210,4.96E-05,0.998050854
126-208,4.56E-05,0.99809648
175-257,4.56E-05,0.998142088
208-283,4.56E-05,0.998187693
42-206,4.56E-05,0.998233299
105-183,4.55E-05,0.998278834
118-208,4.55E-05,0.998324295
102-187,4.53E-05,0.998369604
139-259,4.36E-05,0.998413162
180-183,4.30E-05,0.998456167
49-186,4.24E-05,0.99849855
179-197,4.24E-05,0.99854092
184-219,3.90E-05,0.998579959
63-182,3.81E-05,0.99861804
202-300,3.80E-05,0.998656083
208-281,3.80E-05,0.9986941
191-265,3.70E-05,0.998731139
144-191,3.69E-05,0.998768051
179-238,3.67E-05,0.998804787
158-189,3.64E-05,0.998841174
155-265,3.55E-05,0.998876697
175-223,3.52E-05,0.99891189
56-191,3.47E-05,0.998946604
153-281,3.43E-05,0.998980863
87-190,3.05E-05,0.999011322
240-300,3.05E-05,0.999041776
42-178,3.04E-05,0.99907222
161-190,3.04E-05,0.999102651
42-182,3.04E-05,0.999133079
49-189,3.02E-05,0.999163287
189-195,3.00E-05,0.99919324
185-278,2.40E-05,0.999217252
52-189,2.28E-05,0.999240094
48-182,2.28E-05,0.999262909
46-191,2.28E-05,0.9992857
141-207,2.25E-05,0.999308159
277-300,2.24E-05,0.999330606
145-181,2.19E-05,0.999352536
144-190,2.18E-05,0.999374288
125-295,2.15E-05,0.999395808
189-264,2.15E-05,0.999417294
185-301,1.52E-05,0.999432526
254-283,1.52E-05,0.999447752
225-288,1.52E-05,0.999462953
189-207,1.52E-05,0.999478148
105-208,1.51E-05,0.999493231
180-207,1.51E-05,0.999508285
145-300,1.50E-05,0.999523308
190-228,1.49E-05,0.999538232
77-159,1.49E-05,0.999553137
214-300,1.47E-05,0.99956787
46-154,1.47E-05,0.999582559
172-208,1.45E-05,0.999597031
162-175,1.43E-05,0.999611368
191-223,1.42E-05,0.999625593
140-184,1.36E-05,0.999639231
145-170,1.24E-05,0.999651679
75-177,1.09E-05,0.999662564
249-300,7.76E-06,0.999670322
186-261,7.62E-06,0.999677944
80-269,7.62E-06,0.999685563
67-189,7.62E-06,0.999693182
193-206,7.62E-06,0.999700801
76-258,7.62E-06,0.999708419
127-208,7.62E-06,0.999716037
184-270,7.62E-06,0.999723654
60-183,7.62E-06,0.999731271
162-300,7.62E-06,0.999738888
171-184,7.62E-06,0.999746504
186-242,7.62E-06,0.999754121
60-208,7.62E-06,0.999761737
104-186,7.62E-06,0.999769354
109-206,7.62E-06,0.99977697
186-270,7.62E-06,0.999784586
244-300,7.62E-06,0.999792202
37-186,7.62E-06,0.999799819
153-183,7.62E-06,0.999807435
225-302,7.62E-06,0.999815051
191-228,7.62E-06,0.999822667
104-182,7.62E-06,0.999830283
190-233,7.61E-06,0.999837896
57-191,7.59E-06,0.999845484
179-182,7.59E-06,0.999853069
70-190,7.57E-06,0.99986064
189-270,7.56E-06,0.999868201
143-182,7.56E-06,0.999875759
151-157,7.55E-06,0.999883313
191-243,7.55E-06,0.999890859
189-266,7.53E-06,0.999898389
192-300,7.53E-06,0.999905915
147-243,7.51E-06,0.999913424
54-190,7.51E-06,0.999920931
206-222,7.44E-06,0.999928369
208-302,7.07E-06,0.999935444
187-204,7.03E-06,0.999942477
76-300,6.99E-06,0.999949463
169-193,6.86E-06,0.999956321
189-248,6.67E-06,0.999962987
142-180,6.53E-06,0.999969519
134-300,6.35E-06,0.999975871
70-224,5.72E-06,0.999981588
255-296,5.71E-06,0.999987303
100-186,5.08E-06,0.999992383
177-211,3.81E-06,0.999996192
140-183,3.81E-06,1
51-183,0,1
42-181,0,1
171-206,0,1
187-213,0,1
85-259,0,1
48-177,0,1
208-266,0,1
185-200,0,1
185-197,0,1
59-182,0,1
142-299,0,1
69-96,0,1
78-191,0,1
259-281,0,1
218-300,0,1
186-251,0,1
190-261,0,1
77-252,0,1
132-153,0,1
141-177,0,1
113-185,0,1
190-283,0,1
182-285,0,1
75-182,0,1
149-259,0,1
153-218,0,1
153-256,0,1
51-185,0,1
167-182,0,1
128-153,0,1
66-91,0,1
76-129,0,1
89-292,0,1
150-255,0,1
79-241,0,1
137-179,0,1
183-222,0,1
150-206,0,1
145-154,0,1
71-106,0,1
77-106,0,1
189-202,0,1
110-183,0,1
156-191,0,1
158-222,0,1
198-206,0,1
250-293,0,1
110-294,0,1
157-300,0,1
85-236,0,1
117-290,0,1
189-257,0,1
69-212,0,1
100-182,0,1
280-300,0,1
180-282,0,1
123-268,0,1
79-190,0,1
190-251,0,1
107-190,0,1
153-275,0,1
33-186,0,1
189-258,0,1
75-110,0,1
208-259,0,1
43-186,0,1
137-208,0,1
69-186,0,1
138-208,0,1
148-190,0,1
188-203,0,1
70-91,0,1
65-70,0,1
184-287,0,1
122-190,0,1
154-161,0,1
191-264,0,1
154-179,0,1
153-211,0,1
80-300,0,1
187-206,0,1
115-208,0,1
191-258,0,1
54-70,0,1
124-185,0,1
130-302,0,1
67-180,0,1
195-298,0,1
184-279,0,1
141-300,0,1
31-186,0,1
65-191,0,1
134-153,0,1
184-280,0,1
190-245,0,1
190-241,0,1
30-190,0,1
191-248,0,1
153-263,0,1
126-206,0,1
232-300,0,1
122-302,0,1
153-259,0,1
210-300,0,1
123-237,0,1
259-288,0,1
133-206,0,1
36-191,0,1
172-189,0,1
206-215,0,1
70-107,0,1
139-189,0,1
157-191,0,1
189-289,0,1
165-208,0,1
178-189,0,1
206-238,0,1
64-186,0,1
185-202,0,1
207-276,0,1
107-252,0,1
46-182,0,1
186-257,0,1
142-207,0,1
125-193,0,1
208-291,0,1
189-232,0,1
282-300,0,1
186-274,0,1
150-194,0,1
167-195,0,1
127-290,0,1
34-70,0,1
170-182,0,1
139-207,0,1
186-200,0,1
225-303,0,1
93-183,0,1
61-71,0,1
70-155,0,1
139-300,0,1
70-191,0,1
134-254,0,1
70-92,0,1
146-180,0,1
186-199,0,1
160-270,0,1
207-230,0,1
111-208,0,1
89-190,0,1
43-71,0,1
150-256,0,1
124-189,0,1
123-208,0,1
152-300,0,1
187-200,0,1
156-184,0,1
99-186,0,1
253-288,0,1
176-184,0,1
74-191,0,1
186-198,0,1
165-195,0,1
39-191,0,1
40-190,0,1
191-224,0,1
103-186,0,1
78-240,0,1
173-191,0,1
191-244,0,1
