Feature ,Importance,Cumulative
189-249,0.044250679,0.044250679
189-213,0.043528365,0.087779043
189-261,0.038182646,0.125961689
188-191,0.038138165,0.164099854
189-217,0.038038246,0.2021381
189-194,0.037081021,0.239219121
189-251,0.036006288,0.275225409
128-225,0.03542226,0.310647669
191-300,0.033982247,0.344629916
189-229,0.028080687,0.372710603
189-250,0.026883545,0.399594148
189-267,0.02658559,0.426179738
155-191,0.025896539,0.452076277
189-239,0.025828612,0.477904889
191-239,0.020678119,0.498583007
189-228,0.018872461,0.517455468
189-253,0.018647302,0.53610277
155-190,0.017875571,0.553978342
198-300,0.017522742,0.571501084
189-231,0.017286331,0.588787415
197-300,0.017132907,0.605920322
189-247,0.016393803,0.622314124
269-300,0.015743077,0.638057202
189-254,0.010331399,0.6483886
225-295,0.009727664,0.658116265
216-300,0.009424308,0.667540573
221-300,0.009421147,0.67696172
189-255,0.00917977,0.68614149
222-300,0.009089864,0.695231354
191-193,0.009088145,0.704319498
126-225,0.008534134,0.712853632
189-226,0.008296094,0.721149726
189-268,0.008191963,0.729341689
271-300,0.008183551,0.73752524
213-300,0.008118414,0.745643654
274-300,0.008106325,0.753749979
247-300,0.008015925,0.761765904
298-300,0.007991812,0.769757716
215-300,0.007964307,0.777722022
189-265,0.007898397,0.785620419
189-220,0.007895325,0.793515744
155-184,0.007893414,0.801409158
199-300,0.007862079,0.809271237
189-300,0.007556979,0.816828215
217-300,0.007422523,0.824250738
225-288,0.007398262,0.831649
280-300,0.007315421,0.838964422
210-300,0.007299333,0.846263755
277-300,0.007188208,0.853451962
189-257,0.007030446,0.860482408
142-207,0.006780544,0.867262952
175-300,0.006575872,0.873838824
187-191,0.004359998,0.878198822
191-194,0.003163799,0.881362621
191-228,0.003143823,0.884506444
208-260,0.003017648,0.887524092
144-180,0.002964487,0.890488579
154-172,0.002809026,0.893297605
162-175,0.002599881,0.895897486
191-255,0.002593341,0.898490828
57-190,0.00219234,0.900683167
59-190,0.002036303,0.90271947
191-261,0.001984843,0.904704313
60-190,0.001911284,0.906615597
228-300,0.001908604,0.908524201
90-190,0.001879841,0.910404042
208-285,0.001870439,0.912274482
244-300,0.001836447,0.914110929
184-211,0.001822544,0.915933473
51-191,0.001802064,0.917735537
125-193,0.001768907,0.919504443
155-259,0.001751108,0.921255552
155-177,0.001713177,0.922968729
54-190,0.001614826,0.924583555
161-190,0.001546575,0.92613013
191-250,0.001396155,0.927526284
240-300,0.001362133,0.928888418
87-190,0.001349098,0.930237516
153-288,0.001332916,0.931570431
239-300,0.001314237,0.932884668
128-208,0.001313275,0.934197943
46-182,0.001308557,0.9355065
252-295,0.001307705,0.936814204
184-280,0.001301522,0.938115726
238-300,0.00123049,0.939346217
139-190,0.001181913,0.94052813
155-182,0.001181417,0.941709546
126-295,0.001175843,0.942885389
34-155,0.001151981,0.944037369
208-215,0.001124693,0.945162063
50-190,0.001118866,0.946280929
251-295,0.001103818,0.947384747
52-191,0.001101855,0.948486602
115-208,0.001088323,0.949574925
39-190,0.000986563,0.950561488
77-159,0.000979224,0.951540712
36-191,0.00096321,0.952503922
53-190,0.000937315,0.953441237
153-256,0.000936879,0.954378117
191-221,0.000913469,0.955291586
180-183,0.000913108,0.956204694
190-233,0.000893849,0.957098543
37-191,0.000872175,0.957970719
184-206,0.000865865,0.958836584
206-302,0.000862314,0.959698897
77-182,0.000815123,0.96051402
35-190,0.000798342,0.961312362
206-211,0.000783878,0.96209624
208-299,0.000782501,0.96287874
142-190,0.000778317,0.963657058
189-197,0.000747829,0.964404886
130-225,0.00073246,0.965137346
170-208,0.000728022,0.965865368
193-222,0.000726271,0.96659164
202-300,0.000719733,0.967311373
191-252,0.000717297,0.96802867
157-184,0.000711625,0.968740295
93-190,0.00070625,0.969446545
191-241,0.000700724,0.97014727
125-295,0.000693062,0.970840331
157-206,0.000693032,0.971533363
206-249,0.000692207,0.97222557
102-187,0.000688133,0.972913702
61-191,0.000676557,0.973590259
191-264,0.0006733,0.974263558
34-191,0.000669915,0.974933474
55-186,0.000650863,0.975584337
155-185,0.000628845,0.976213181
88-183,0.000610556,0.976823738
88-154,0.000604172,0.977427909
205-300,0.000591742,0.978019651
189-248,0.000588004,0.978607655
189-198,0.000583854,0.979191509
233-300,0.000582579,0.979774088
189-273,0.000567911,0.980341999
77-300,0.000560602,0.980902601
93-183,0.000560411,0.981463012
121-193,0.000554729,0.982017741
51-124,0.000540949,0.98255869
45-206,0.00052456,0.98308325
287-295,0.000514551,0.983597801
190-238,0.000512891,0.984110692
191-254,0.00050672,0.984617412
132-154,0.000460896,0.985078308
206-210,0.000450715,0.985529023
187-289,0.000439087,0.985968109
189-269,0.000432644,0.986400754
136-190,0.000427851,0.986828605
189-274,0.000420282,0.987248887
189-193,0.000407888,0.987656775
53-155,0.000402257,0.988059031
237-300,0.000395791,0.988454823
225-291,0.00036624,0.988821062
153-180,0.000353006,0.989174068
153-258,0.000329421,0.98950349
254-295,0.000319321,0.98982281
70-189,0.000312983,0.990135793
125-153,0.000266951,0.990402745
189-221,0.000249233,0.990651978
168-208,0.000239795,0.990891772
190-246,0.000239439,0.991131211
76-300,0.000233218,0.991364429
60-191,0.00023035,0.991594779
31-191,0.000218148,0.991812927
184-215,0.000214117,0.992027044
191-226,0.000190567,0.99221761
43-206,0.000186376,0.992403986
142-184,0.000186125,0.992590111
208-276,0.000180391,0.992770503
122-303,0.000176463,0.992946965
208-294,0.000167066,0.993114031
70-107,0.000163976,0.993278007
256-288,0.000163535,0.993441542
129-208,0.000159577,0.993601119
186-255,0.00015859,0.993759709
49-186,0.000153899,0.993913607
192-221,0.000151234,0.994064841
49-191,0.000143375,0.994208216
41-185,0.00013641,0.994344626
195-300,0.000136023,0.994480649
79-241,0.000128951,0.9946096
60-183,0.000128021,0.994737621
223-295,0.000121289,0.99485891
115-300,0.000119924,0.994978834
190-241,0.000116708,0.995095542
189-222,0.000113557,0.995209098
180-272,0.00011277,0.995321868
206-217,0.000109286,0.995431154
146-181,0.000107781,0.995538935
193-291,0.000106318,0.995645253
192-201,0.000106289,0.995751542
173-183,9.86E-05,0.995850125
90-183,9.84E-05,0.995948543
133-183,9.82E-05,0.996046774
190-239,9.55E-05,0.996142292
192-252,9.13E-05,0.996233564
61-178,9.06E-05,0.996324212
192-248,8.36E-05,0.996407861
202-208,8.36E-05,0.996491505
61-186,8.34E-05,0.996574875
50-182,8.34E-05,0.996658239
126-208,8.30E-05,0.996741249
144-191,8.29E-05,0.996824173
37-175,7.60E-05,0.996900205
73-182,7.59E-05,0.996976111
151-259,7.54E-05,0.997051542
163-183,7.46E-05,0.997126114
158-302,7.34E-05,0.997199542
124-191,7.20E-05,0.997271523
208-284,6.84E-05,0.997339952
155-269,6.65E-05,0.997406458
63-206,6.13E-05,0.997467788
128-189,6.04E-05,0.997528141
189-238,5.83E-05,0.997586457
214-300,5.58E-05,0.997642227
41-186,5.32E-05,0.997695415
145-184,5.32E-05,0.997748603
208-220,5.30E-05,0.997801628
186-254,5.12E-05,0.997852815
121-206,5.01E-05,0.997902941
187-198,4.92E-05,0.997952174
144-197,4.82E-05,0.998000325
192-257,4.62E-05,0.998046517
82-191,4.56E-05,0.998092154
91-183,4.56E-05,0.998137762
158-300,4.48E-05,0.998182587
273-287,4.41E-05,0.99822666
147-207,4.37E-05,0.998270378
155-273,4.33E-05,0.998313669
188-272,4.30E-05,0.998356676
160-180,4.00E-05,0.998396629
92-178,3.80E-05,0.998434655
48-70,3.80E-05,0.998472677
292-299,3.80E-05,0.998510697
111-190,3.80E-05,0.998548716
173-191,3.80E-05,0.998586732
145-177,3.74E-05,0.998624179
192-300,3.74E-05,0.998661573
173-175,3.71E-05,0.998698691
184-273,3.52E-05,0.998733905
255-296,3.33E-05,0.998767177
50-186,3.30E-05,0.998800152
283-302,3.30E-05,0.998833105
225-303,3.04E-05,0.998863541
139-208,3.04E-05,0.998893973
254-283,3.01E-05,0.998924066
214-254,2.97E-05,0.998953756
144-256,2.92E-05,0.998982942
99-186,2.88E-05,0.999011776
189-216,2.54E-05,0.999037174
186-267,2.51E-05,0.999062289
100-182,2.28E-05,0.999085123
127-189,2.28E-05,0.999107956
124-189,2.28E-05,0.999130787
134-300,2.28E-05,0.999153617
189-246,2.28E-05,0.999176434
189-277,2.25E-05,0.999198936
142-300,2.25E-05,0.999221437
155-175,2.25E-05,0.999243926
246-303,2.24E-05,0.999266357
150-259,2.22E-05,0.999288555
194-300,2.22E-05,0.999310728
132-184,2.21E-05,0.999332824
208-224,2.19E-05,0.999354744
187-204,2.18E-05,0.999376531
232-300,2.18E-05,0.9993983
60-208,2.16E-05,0.999419872
123-208,2.03E-05,0.99944019
134-189,1.94E-05,0.999459619
113-153,1.83E-05,0.999477919
189-190,1.52E-05,0.99949315
167-190,1.52E-05,0.999508377
189-242,1.52E-05,0.999523604
113-185,1.52E-05,0.999538831
143-207,1.50E-05,0.999553822
141-191,1.50E-05,0.999568808
54-155,1.50E-05,0.999583781
268-287,1.49E-05,0.999598724
151-300,1.49E-05,0.999613646
65-155,1.49E-05,0.999628554
186-270,1.48E-05,0.99964334
254-281,1.46E-05,0.999657986
191-244,1.46E-05,0.99967261
140-184,1.44E-05,0.999686999
120-302,1.42E-05,0.999701152
160-270,1.40E-05,0.999715174
52-189,1.36E-05,0.999728797
140-190,1.33E-05,0.999742131
179-291,7.62E-06,0.999749754
39-70,7.62E-06,0.999757375
56-183,7.62E-06,0.999764994
69-206,7.62E-06,0.999772612
67-189,7.62E-06,0.99978023
192-199,7.62E-06,0.999787848
162-300,7.62E-06,0.999795466
145-259,7.62E-06,0.999803084
189-258,7.62E-06,0.999810701
181-190,7.62E-06,0.999818319
54-186,7.62E-06,0.999825936
40-186,7.62E-06,0.999833553
189-256,7.62E-06,0.999841169
85-259,7.62E-06,0.999848786
138-180,7.62E-06,0.999856402
176-184,7.61E-06,0.999864012
183-211,7.59E-06,0.999871607
253-303,7.56E-06,0.999879168
186-199,7.56E-06,0.999886727
153-177,7.55E-06,0.99989428
152-300,7.55E-06,0.999901832
185-274,7.33E-06,0.999909159
175-303,7.30E-06,0.999916461
181-237,7.26E-06,0.999923718
30-190,7.11E-06,0.99993083
173-184,7.08E-06,0.999937907
189-240,6.99E-06,0.999944892
189-263,6.98E-06,0.999951876
190-228,6.93E-06,0.999958803
134-184,6.86E-06,0.999965662
191-225,6.86E-06,0.999972519
77-186,6.53E-06,0.99997905
126-302,6.35E-06,0.999985399
177-300,5.72E-06,0.999991114
62-70,5.08E-06,0.999996194
189-272,3.81E-06,1
255-288,0,1
69-189,0,1
70-96,0,1
70-136,0,1
249-300,0,1
61-185,0,1
145-181,0,1
59-155,0,1
117-300,0,1
70-222,0,1
44-130,0,1
79-190,0,1
191-295,0,1
74-302,0,1
145-178,0,1
193-221,0,1
175-251,0,1
138-300,0,1
85-182,0,1
60-70,0,1
31-182,0,1
109-300,0,1
89-190,0,1
135-302,0,1
186-274,0,1
57-191,0,1
90-191,0,1
181-187,0,1
184-210,0,1
207-230,0,1
83-204,0,1
184-297,0,1
260-278,0,1
123-185,0,1
125-303,0,1
110-294,0,1
209-300,0,1
153-297,0,1
78-175,0,1
187-189,0,1
75-154,0,1
206-291,0,1
70-159,0,1
186-222,0,1
107-195,0,1
102-191,0,1
139-207,0,1
80-115,0,1
189-266,0,1
177-232,0,1
189-293,0,1
37-190,0,1
224-303,0,1
208-259,0,1
38-185,0,1
189-262,0,1
216-302,0,1
105-208,0,1
189-259,0,1
127-293,0,1
172-208,0,1
224-229,0,1
198-206,0,1
270-300,0,1
158-188,0,1
149-259,0,1
149-272,0,1
150-256,0,1
135-186,0,1
270-291,0,1
122-189,0,1
250-293,0,1
253-288,0,1
120-185,0,1
206-227,0,1
147-251,0,1
186-257,0,1
141-251,0,1
63-70,0,1
179-181,0,1
108-189,0,1
175-223,0,1
259-281,0,1
171-184,0,1
184-270,0,1
43-191,0,1
47-191,0,1
92-191,0,1
208-270,0,1
206-215,0,1
167-195,0,1
188-203,0,1
114-191,0,1
49-71,0,1
189-291,0,1
138-190,0,1
171-206,0,1
70-104,0,1
163-187,0,1
287-293,0,1
78-240,0,1
114-300,0,1
153-265,0,1
93-185,0,1
156-189,0,1
88-207,0,1
102-189,0,1
191-235,0,1
136-302,0,1
190-245,0,1
64-187,0,1
155-199,0,1
125-191,0,1
141-207,0,1
112-206,0,1
69-186,0,1
196-238,0,1
77-103,0,1
156-191,0,1
70-191,0,1
190-264,0,1
187-195,0,1
208-266,0,1
59-189,0,1
104-182,0,1
59-70,0,1
126-188,0,1
191-223,0,1
48-71,0,1
133-189,0,1
186-198,0,1
208-225,0,1
183-206,0,1
107-183,0,1
74-191,0,1
137-208,0,1
73-260,0,1
166-208,0,1
37-186,0,1
134-254,0,1
263-303,0,1
189-252,0,1
103-186,0,1
179-241,0,1
190-220,0,1
179-271,0,1
94-191,0,1
223-302,0,1
118-208,0,1
177-280,0,1
139-189,0,1
104-186,0,1
39-302,0,1
188-282,0,1
34-151,0,1
166-239,0,1
185-283,0,1
31-186,0,1
70-186,0,1
191-227,0,1
191-195,0,1
191-256,0,1
91-207,0,1
41-155,0,1
48-182,0,1
162-302,0,1
76-89,0,1
67-180,0,1
290-303,0,1
65-191,0,1
207-300,0,1
184-219,0,1
64-186,0,1
190-252,0,1
76-276,0,1
191-257,0,1
175-277,0,1
30-191,0,1
185-206,0,1
148-190,0,1
189-208,0,1
226-295,0,1
128-295,0,1
191-258,0,1
257-295,0,1
122-302,0,1
43-186,0,1
70-101,0,1
153-270,0,1
