Feature,Importance,Cumulative
127-225,0.053388436,0.053388436
191-239,0.051864285,0.105252722
189-229,0.041388619,0.146641341
189-249,0.039322955,0.185964296
189-228,0.03756491,0.223529206
198-300,0.034999104,0.258528311
155-191,0.034134446,0.292662757
216-300,0.033533497,0.326196254
298-300,0.032221517,0.358417771
189-217,0.028584906,0.387002678
189-267,0.026301111,0.413303789
189-239,0.025555411,0.4388592
189-252,0.025296636,0.464155836
191-300,0.025287083,0.489442919
274-300,0.024371319,0.513814238
217-300,0.022903542,0.53671778
189-251,0.021731076,0.558448856
188-191,0.020877829,0.579326685
155-190,0.018328727,0.597655412
189-231,0.016165558,0.61382097
189-253,0.01582495,0.62964592
215-300,0.01533805,0.64498397
209-300,0.01505849,0.660042461
189-250,0.01234943,0.672391891
189-268,0.010410322,0.682802212
189-213,0.010274427,0.69307664
138-300,0.009634719,0.702711358
270-300,0.00961375,0.712325108
244-300,0.009473227,0.721798335
191-193,0.00918202,0.730980356
221-300,0.009118406,0.740098762
228-300,0.008989281,0.749088043
189-265,0.008985931,0.758073974
189-264,0.008981278,0.767055252
192-194,0.008923325,0.775978577
189-248,0.008845912,0.784824489
189-220,0.008756391,0.79358088
189-255,0.008421822,0.802002701
210-300,0.008294436,0.810297137
218-300,0.00803392,0.818331057
189-230,0.007893331,0.826224389
241-300,0.007717679,0.833942068
269-300,0.007711263,0.841653331
134-300,0.007517334,0.849170665
170-208,0.007467864,0.856638529
280-300,0.007379049,0.864017578
214-300,0.007312755,0.871330333
165-208,0.005991389,0.877321723
94-191,0.003746118,0.881067841
50-206,0.002837249,0.88390509
189-254,0.002797157,0.886702247
91-190,0.002692742,0.889394989
254-295,0.00263977,0.892034758
191-264,0.002229005,0.894263763
155-184,0.002200785,0.896464548
191-260,0.002150754,0.898615302
208-285,0.001892595,0.900507897
206-210,0.001831718,0.902339614
191-235,0.001817399,0.904157013
225-288,0.001750103,0.905907117
184-280,0.001673799,0.907580915
200-206,0.001624983,0.909205898
134-154,0.001594442,0.910800339
189-197,0.001556252,0.912356592
191-250,0.001542006,0.913898598
191-224,0.001534546,0.915433144
190-242,0.00148477,0.916917914
187-191,0.001483766,0.918401681
59-190,0.001463551,0.919865232
145-180,0.001440993,0.921306225
189-226,0.001410672,0.922716897
159-206,0.001360135,0.924077032
191-241,0.001357919,0.92543495
153-219,0.00135199,0.926786941
64-155,0.001324633,0.928111573
92-190,0.001302935,0.929414509
206-219,0.001290733,0.930705241
208-266,0.001235588,0.931940829
191-228,0.001216916,0.933157745
186-199,0.001215622,0.934373367
186-265,0.001179371,0.935552738
61-186,0.001170928,0.936723666
37-186,0.001166609,0.937890275
247-300,0.001165085,0.93905536
194-300,0.001136803,0.940192163
145-256,0.001086291,0.941278454
191-248,0.001077646,0.9423561
190-251,0.001072276,0.943428376
253-295,0.001029584,0.944457959
191-229,0.00101631,0.94547427
277-300,0.001003022,0.946477292
138-208,0.000962396,0.947439687
99-155,0.000956049,0.948395736
163-187,0.000953324,0.94934906
106-206,0.000921623,0.950270684
115-300,0.000913763,0.951184447
77-182,0.000912109,0.952096555
153-260,0.000906399,0.953002955
189-221,0.0008949,0.953897855
142-184,0.00089313,0.954790985
105-208,0.000887062,0.955678047
35-190,0.000880374,0.956558421
35-155,0.00088037,0.957438791
91-187,0.000876464,0.958315256
153-261,0.000870546,0.959185801
53-190,0.000864587,0.960050388
223-302,0.000839686,0.960890074
54-190,0.000832569,0.961722643
39-190,0.000813036,0.962535679
146-184,0.000807572,0.963343251
206-267,0.000797268,0.964140519
126-295,0.000781165,0.964921684
190-245,0.000771151,0.965692835
133-189,0.000769769,0.966462604
125-295,0.000761741,0.967224345
130-208,0.000739314,0.967963659
259-303,0.000717253,0.968680912
133-175,0.000712001,0.969392913
152-199,0.000708116,0.970101029
128-189,0.000705493,0.970806522
147-207,0.000698388,0.97150491
233-300,0.0006783,0.97218321
80-221,0.00066139,0.9728446
242-300,0.000655088,0.973499688
57-191,0.000629759,0.974129447
39-186,0.000617222,0.974746669
153-181,0.000615826,0.975362495
171-206,0.000595925,0.975958419
157-184,0.000588575,0.976546995
184-283,0.000565588,0.977112582
74-191,0.000533923,0.977646505
130-189,0.000528606,0.978175111
202-300,0.000523325,0.978698436
90-187,0.000503644,0.97920208
126-193,0.000503613,0.979705693
172-183,0.000480487,0.98018618
89-190,0.000476152,0.980662331
155-188,0.000474754,0.981137085
60-191,0.000464251,0.981601336
141-300,0.00046204,0.982063376
141-207,0.00045608,0.982519456
173-183,0.00042499,0.982944446
163-190,0.000414075,0.983358522
185-206,0.000403045,0.983761567
50-190,0.000400022,0.984161589
57-190,0.000377234,0.984538823
37-190,0.000373452,0.984912275
104-190,0.00035857,0.985270844
189-238,0.00034998,0.985620825
238-300,0.000344294,0.985965119
158-300,0.000329583,0.986294702
189-192,0.000325244,0.986619946
253-285,0.000317003,0.986936949
90-190,0.000302252,0.987239201
208-276,0.000301494,0.987540695
208-255,0.000285799,0.987826494
92-182,0.000279674,0.988106169
60-190,0.000271772,0.988377941
121-193,0.000262852,0.988640792
41-185,0.000258894,0.988899686
81-182,0.000253803,0.989153489
32-190,0.000252586,0.989406074
64-186,0.000248125,0.989654199
153-182,0.000240001,0.9898942
90-183,0.000223707,0.990117907
155-274,0.000222876,0.990340784
237-300,0.000210956,0.99055174
184-215,0.000202504,0.990754244
50-71,0.000201354,0.990955598
189-269,0.000199947,0.991155545
37-191,0.000199774,0.991355319
225-295,0.000197454,0.991552773
73-300,0.000196105,0.991748879
140-184,0.0001896,0.991938479
189-270,0.000180186,0.992118665
146-180,0.000173627,0.992292293
139-207,0.000173345,0.992465638
189-193,0.000166547,0.992632184
127-208,0.000165226,0.99279741
189-274,0.000158803,0.992956212
136-175,0.00015854,0.993114752
49-186,0.000149632,0.993264384
184-282,0.000142357,0.993406741
105-190,0.000140592,0.993547333
180-183,0.000134715,0.993682048
138-180,0.000129304,0.993811352
136-190,0.000128537,0.993939889
155-223,0.000128304,0.994068193
31-191,0.000127063,0.994195255
155-254,0.000126781,0.994322036
59-155,0.000124866,0.994446902
250-295,0.000123973,0.994570875
189-190,0.000118477,0.994689353
133-183,0.000113762,0.994803115
125-240,0.000108649,0.994911763
70-186,0.000108235,0.995019998
176-184,0.00010616,0.995126158
69-206,0.000103803,0.995229962
145-181,0.000103139,0.9953331
225-291,9.86E-05,0.995431734
64-187,9.76E-05,0.995529364
240-300,9.28E-05,0.995622189
103-182,9.19E-05,0.995714055
82-191,9.09E-05,0.995804955
190-228,8.87E-05,0.995893629
184-212,8.75E-05,0.995981115
52-191,8.50E-05,0.996066136
41-186,8.36E-05,0.996149773
254-281,8.35E-05,0.99623328
142-180,8.34E-05,0.996316724
32-155,8.34E-05,0.99640016
60-183,8.28E-05,0.996482935
191-255,8.10E-05,0.996563915
175-291,7.95E-05,0.996643389
99-191,7.77E-05,0.996721101
49-191,7.54E-05,0.996796514
145-259,6.84E-05,0.996864946
60-155,6.81E-05,0.996933043
186-201,6.67E-05,0.996999763
191-258,6.56E-05,0.997065372
92-178,6.44E-05,0.997129768
102-191,6.07E-05,0.997190471
195-300,6.07E-05,0.997251132
139-208,6.06E-05,0.997311738
206-249,5.79E-05,0.997369649
189-247,5.32E-05,0.997422873
208-223,5.32E-05,0.997476036
51-185,5.25E-05,0.997528491
264-303,5.23E-05,0.997580826
189-300,5.18E-05,0.997632604
144-198,5.13E-05,0.997683893
155-185,4.95E-05,0.99773339
186-257,4.57E-05,0.99777904
59-70,4.55E-05,0.997824573
140-191,4.54E-05,0.997869951
172-208,4.50E-05,0.997914918
85-259,4.46E-05,0.997959537
186-256,4.31E-05,0.99800259
93-191,4.18E-05,0.998044344
177-279,4.09E-05,0.998085216
54-206,3.85E-05,0.99812367
239-297,3.81E-05,0.998161741
63-182,3.80E-05,0.998199769
127-189,3.80E-05,0.998237746
76-300,3.80E-05,0.998275722
115-208,3.77E-05,0.998313455
170-182,3.72E-05,0.998350639
192-222,3.71E-05,0.998387746
116-191,3.61E-05,0.998423879
130-302,3.43E-05,0.998458164
192-264,3.37E-05,0.998491851
104-182,3.09E-05,0.998522753
112-300,3.04E-05,0.9985532
155-259,3.04E-05,0.998583646
179-271,3.04E-05,0.99861408
208-259,3.04E-05,0.99864451
153-183,3.04E-05,0.998674937
93-190,3.04E-05,0.998705301
70-109,3.03E-05,0.998735641
149-259,3.02E-05,0.998765862
185-274,3.01E-05,0.998795922
208-225,2.97E-05,0.998825632
259-281,2.97E-05,0.998855294
208-287,2.94E-05,0.998884663
145-300,2.93E-05,0.998913979
186-274,2.88E-05,0.998942762
111-208,2.87E-05,0.998971458
173-184,2.80E-05,0.998999477
151-217,2.64E-05,0.999025895
189-198,2.61E-05,0.999052007
95-182,2.55E-05,0.999077498
178-286,2.37E-05,0.999101208
239-300,2.28E-05,0.999124054
52-189,2.28E-05,0.999146897
156-189,2.28E-05,0.99916973
206-215,2.28E-05,0.999192562
174-300,2.28E-05,0.999215394
158-189,2.28E-05,0.999238224
189-225,2.28E-05,0.999261037
39-185,2.28E-05,0.999283849
54-70,2.28E-05,0.999306659
128-208,2.28E-05,0.999329459
133-154,2.28E-05,0.999352258
97-254,2.28E-05,0.999375056
76-284,2.27E-05,0.999397788
28-190,2.26E-05,0.999420436
193-206,2.26E-05,0.999442998
189-257,2.25E-05,0.999465505
156-191,2.23E-05,0.999487784
52-188,2.22E-05,0.999509962
128-153,2.14E-05,0.999531333
154-291,2.07E-05,0.999552014
92-186,1.71E-05,0.999569112
60-208,1.60E-05,0.999585115
34-186,1.52E-05,0.999600349
48-70,1.52E-05,0.999615583
192-204,1.52E-05,0.999630809
189-236,1.52E-05,0.999646026
88-207,1.51E-05,0.999661138
35-182,1.51E-05,0.99967622
189-258,1.50E-05,0.999691203
260-292,1.49E-05,0.999706138
150-256,1.49E-05,0.999721035
137-183,1.48E-05,0.999735848
77-159,1.48E-05,0.999750632
114-300,1.47E-05,0.999765284
48-182,1.29E-05,0.999778178
94-182,1.22E-05,0.999790369
70-289,1.14E-05,0.999801801
126-302,7.62E-06,0.999809421
141-153,7.62E-06,0.999817041
192-300,7.62E-06,0.99982466
99-186,7.62E-06,0.999832278
180-277,7.62E-06,0.999839895
34-175,7.62E-06,0.999847512
133-194,7.62E-06,0.999855129
38-185,7.62E-06,0.999862746
184-210,7.62E-06,0.999870362
50-186,7.62E-06,0.999877979
147-184,7.62E-06,0.999885595
185-283,7.61E-06,0.999893206
208-299,7.61E-06,0.999900815
80-114,7.61E-06,0.999908421
67-189,7.60E-06,0.999916019
186-246,7.55E-06,0.999923573
162-300,7.55E-06,0.999931122
125-193,7.55E-06,0.999938671
232-300,7.52E-06,0.999946195
189-294,7.49E-06,0.999953683
70-206,7.48E-06,0.999961164
254-283,7.41E-06,0.999968572
52-180,7.04E-06,0.999975608
245-300,6.77E-06,0.999982382
156-179,6.53E-06,0.999988912
68-300,4.32E-06,0.999993231
190-261,3.81E-06,0.999997041
202-208,2.54E-06,0.99999958
150-300,4.20E-07,1
40-183,0,1
193-292,0,1
118-208,0,1
260-293,0,1
87-190,0,1
43-186,0,1
180-286,0,1
179-217,0,1
30-191,0,1
76-212,0,1
75-182,0,1
154-225,0,1
189-218,0,1
191-261,0,1
78-240,0,1
259-288,0,1
284-302,0,1
56-183,0,1
91-207,0,1
70-107,0,1
70-266,0,1
92-155,0,1
256-288,0,1
67-180,0,1
124-194,0,1
64-191,0,1
182-192,0,1
168-300,0,1
82-179,0,1
65-191,0,1
42-70,0,1
57-184,0,1
207-230,0,1
70-92,0,1
184-273,0,1
253-288,0,1
152-300,0,1
157-210,0,1
129-208,0,1
225-303,0,1
136-301,0,1
189-266,0,1
184-219,0,1
142-300,0,1
164-183,0,1
95-191,0,1
128-290,0,1
189-259,0,1
189-261,0,1
227-303,0,1
206-273,0,1
151-300,0,1
185-216,0,1
66-300,0,1
64-145,0,1
173-208,0,1
282-300,0,1
179-199,0,1
186-197,0,1
51-191,0,1
151-274,0,1
190-231,0,1
144-246,0,1
153-263,0,1
189-260,0,1
256-280,0,1
66-71,0,1
144-207,0,1
169-236,0,1
76-259,0,1
71-127,0,1
186-251,0,1
184-205,0,1
175-251,0,1
178-189,0,1
171-184,0,1
123-208,0,1
169-191,0,1
175-223,0,1
207-238,0,1
184-216,0,1
30-190,0,1
105-300,0,1
191-265,0,1
142-207,0,1
42-181,0,1
61-179,0,1
29-182,0,1
187-195,0,1
145-183,0,1
184-199,0,1
150-259,0,1
223-295,0,1
102-189,0,1
102-187,0,1
153-302,0,1
287-295,0,1
189-263,0,1
77-103,0,1
59-189,0,1
224-303,0,1
92-191,0,1
49-189,0,1
191-222,0,1
46-182,0,1
43-71,0,1
186-198,0,1
186-271,0,1
153-273,0,1
67-73,0,1
208-224,0,1
189-291,0,1
206-297,0,1
180-271,0,1
125-155,0,1
186-268,0,1
63-71,0,1
175-220,0,1
173-189,0,1
51-187,0,1
187-198,0,1
64-182,0,1
121-220,0,1
179-300,0,1
141-191,0,1
48-189,0,1
207-276,0,1
70-161,0,1
133-300,0,1
59-182,0,1
189-245,0,1
39-70,0,1
43-70,0,1
152-207,0,1
148-190,0,1
69-186,0,1
62-70,0,1
84-207,0,1
76-89,0,1
76-275,0,1
130-153,0,1
253-294,0,1
126-153,0,1
179-236,0,1
88-184,0,1
110-183,0,1
188-203,0,1
161-185,0,1
191-244,0,1
181-300,0,1
119-187,0,1
138-190,0,1
190-241,0,1
186-273,0,1
31-186,0,1
144-274,0,1
76-258,0,1
155-269,0,1
81-300,0,1
171-190,0,1
154-179,0,1
195-298,0,1
43-191,0,1
160-270,0,1
88-182,0,1
163-185,0,1
112-208,0,1
186-247,0,1
180-182,0,1
189-277,0,1
139-189,0,1
131-297,0,1
167-195,0,1
91-255,0,1
86-190,0,1
82-256,0,1
190-264,0,1
153-258,0,1
91-183,0,1
234-293,0,1
278-300,0,1
273-287,0,1
