Feature,Importance,Cumulative
189-249,0.071551581,0.071551581
189-229,0.057675133,0.129226715
189-251,0.056591474,0.185818189
188-191,0.045889026,0.231707215
189-228,0.045080641,0.276787856
189-217,0.043479075,0.320266931
155-191,0.042906036,0.363172967
153-300,0.035820211,0.398993178
189-194,0.035079529,0.434072707
221-300,0.026763091,0.460835798
198-300,0.026329873,0.487165671
216-300,0.025811967,0.512977638
298-300,0.023998591,0.536976229
189-248,0.02361027,0.560586499
189-213,0.02023851,0.580825009
191-239,0.019381079,0.600206088
155-190,0.017968673,0.61817476
189-250,0.017089341,0.635264101
191-300,0.016980763,0.652244864
242-300,0.016944113,0.669188977
191-193,0.016787714,0.685976692
249-300,0.015230543,0.701207235
189-300,0.014732027,0.715939262
189-195,0.01092119,0.726860453
189-254,0.010321011,0.737181464
189-247,0.010300637,0.747482101
189-264,0.009523647,0.757005747
189-220,0.009361157,0.766366904
127-225,0.009262999,0.775629904
189-192,0.009154783,0.784784686
245-300,0.008274302,0.793058989
222-300,0.008153075,0.801212064
215-300,0.008144325,0.809356389
189-268,0.00811193,0.817468318
228-300,0.008021372,0.825489691
189-265,0.008001842,0.833491533
199-300,0.007938453,0.841429986
210-300,0.007919367,0.849349353
269-300,0.00775139,0.857100743
191-232,0.007524273,0.864625017
143-208,0.007492081,0.872117098
194-300,0.007337461,0.879454559
32-191,0.00635034,0.885804898
180-183,0.006028098,0.891832996
191-217,0.003062339,0.894895336
36-191,0.00265267,0.897548006
64-191,0.002552255,0.900100261
128-225,0.002421868,0.90252213
112-206,0.002284557,0.904806686
208-279,0.002089777,0.906896463
41-206,0.001967831,0.908864295
126-208,0.001958266,0.91082256
155-213,0.001892436,0.912714996
145-180,0.001887547,0.914602543
190-238,0.001883917,0.91648646
53-190,0.001806653,0.918293113
208-223,0.001773328,0.920066442
189-242,0.001642091,0.921708533
153-180,0.001640142,0.923348674
37-190,0.001522688,0.924871362
65-155,0.001387988,0.926259351
51-191,0.001355874,0.927615225
184-216,0.001265697,0.928880922
195-300,0.001244463,0.930125385
191-226,0.0012002,0.931325585
208-299,0.001185672,0.932511257
60-190,0.001148877,0.933660135
155-184,0.001141241,0.934801375
56-191,0.001113624,0.935914999
238-300,0.001105487,0.937020486
214-300,0.001101047,0.938121533
189-266,0.001096116,0.939217649
191-261,0.001073468,0.940291117
90-190,0.001070748,0.941361865
88-208,0.001058428,0.942420293
202-300,0.001035326,0.94345562
185-206,0.001029378,0.944484998
54-190,0.001003341,0.945488339
202-208,0.000998965,0.946487304
189-255,0.000995925,0.947483229
126-206,0.000962934,0.948446163
208-276,0.00095155,0.949397713
192-207,0.000942093,0.950339807
189-269,0.000935087,0.951274894
115-206,0.00091923,0.952194124
61-186,0.000915137,0.953109261
77-155,0.000913494,0.954022755
153-184,0.000908124,0.954930879
165-208,0.000879406,0.955810285
151-253,0.000849598,0.956659883
106-190,0.000840692,0.957500575
80-157,0.000829922,0.958330497
189-270,0.000812177,0.959142674
254-295,0.000798274,0.959940948
76-300,0.000789389,0.960730337
239-300,0.000788166,0.961518502
62-155,0.000779875,0.962298377
43-70,0.000762453,0.96306083
155-189,0.000755629,0.963816459
209-300,0.000747608,0.964564067
57-191,0.000740172,0.965304239
133-175,0.000734797,0.966039036
208-278,0.000732727,0.966771763
191-241,0.000704459,0.967476222
225-303,0.000701672,0.968177895
151-180,0.000662175,0.968840069
237-300,0.000648447,0.969488516
155-265,0.000626502,0.970115018
82-191,0.000613147,0.970728165
60-191,0.000611183,0.971339348
145-190,0.000608937,0.971948286
173-175,0.000602819,0.972551105
189-193,0.000600443,0.973151549
190-220,0.000599961,0.973751509
190-241,0.000590843,0.974342352
136-175,0.000590595,0.974932947
113-193,0.000584427,0.975517374
61-185,0.000576434,0.976093808
244-300,0.00054701,0.976640818
126-302,0.00054431,0.977185128
225-288,0.000533685,0.977718814
137-208,0.000526745,0.978245558
145-182,0.000515913,0.978761472
234-300,0.000506075,0.979267546
163-190,0.000504537,0.979772083
139-190,0.000500712,0.980272795
39-190,0.000489692,0.980762487
274-300,0.000467982,0.981230469
186-263,0.000461927,0.981692396
48-155,0.000454506,0.982146901
108-190,0.000454248,0.98260115
112-300,0.000436172,0.983037322
189-222,0.000430884,0.983468205
186-226,0.000424752,0.983892957
140-184,0.000423588,0.984316545
50-155,0.000421314,0.984737859
50-168,0.000410174,0.985148033
126-295,0.000403607,0.98555164
206-302,0.000402909,0.985954549
208-266,0.000398813,0.986353361
170-208,0.000383123,0.986736485
87-190,0.00038274,0.987119224
171-187,0.000376478,0.987495702
156-191,0.000359188,0.98785489
128-189,0.000346369,0.988201258
187-191,0.000341547,0.988542805
139-208,0.000303635,0.98884644
121-193,0.000299803,0.989146243
49-191,0.000288518,0.989434761
136-183,0.000263898,0.989698659
114-225,0.000258588,0.989957247
118-208,0.000244645,0.990201893
200-206,0.000228763,0.990430656
125-206,0.000220399,0.990651055
189-253,0.000217236,0.990868291
206-210,0.000214533,0.991082825
170-183,0.000198481,0.991281306
140-187,0.000198434,0.99147974
128-208,0.000197297,0.991677037
191-255,0.000192739,0.991869775
91-183,0.000191741,0.992061516
89-187,0.000189205,0.992250721
257-295,0.000188651,0.992439372
171-184,0.000185153,0.992624526
157-184,0.000184118,0.992808644
191-235,0.000182807,0.992991451
56-190,0.000173109,0.99316456
84-241,0.000159463,0.993324022
277-300,0.000157088,0.993481111
224-303,0.000156778,0.993637889
159-189,0.000152963,0.993790851
206-267,0.000144,0.993934852
217-300,0.000142033,0.994076885
189-257,0.00014143,0.994218314
181-300,0.000140341,0.994358655
128-295,0.000132801,0.994491456
191-234,0.000124914,0.994616371
155-264,0.000121448,0.994737819
191-256,0.000121253,0.994859071
50-190,0.000121213,0.994980284
185-276,0.000120563,0.995100847
159-300,0.000116988,0.995217835
172-208,0.000106155,0.99532399
171-208,0.000105235,0.995429225
43-186,9.85E-05,0.995527772
191-228,9.70E-05,0.995624793
173-184,9.63E-05,0.995721101
145-259,9.52E-05,0.995816315
90-183,9.12E-05,0.995907533
197-300,9.10E-05,0.995998533
123-206,8.99E-05,0.996088383
206-214,8.53E-05,0.99617366
169-189,8.33E-05,0.996256958
189-262,8.31E-05,0.996340068
62-299,8.28E-05,0.996422835
186-200,7.95E-05,0.99650232
122-303,7.65E-05,0.996578779
208-285,7.57E-05,0.996654455
142-180,7.56E-05,0.996730055
60-183,7.30E-05,0.996803046
189-198,6.84E-05,0.996871471
66-206,6.83E-05,0.996939806
186-257,6.82E-05,0.997008044
264-303,6.82E-05,0.997076205
102-191,6.43E-05,0.997140483
125-189,6.14E-05,0.997201918
192-264,6.07E-05,0.997262617
208-224,6.02E-05,0.997322845
189-197,6.02E-05,0.997383011
186-274,5.97E-05,0.997442664
67-191,5.87E-05,0.997501315
206-215,5.77E-05,0.997559048
88-183,5.57E-05,0.997614742
107-185,5.32E-05,0.99766796
90-191,5.31E-05,0.997721043
207-276,5.12E-05,0.997772228
186-248,4.84E-05,0.997820668
208-287,4.62E-05,0.99786682
102-300,4.57E-05,0.997912475
42-70,4.56E-05,0.997958083
175-223,4.56E-05,0.998003653
136-190,4.56E-05,0.998049209
126-187,4.44E-05,0.998093632
45-180,4.44E-05,0.998137985
77-179,4.29E-05,0.998180903
191-264,4.26E-05,0.99822355
186-258,4.03E-05,0.998263891
283-292,3.80E-05,0.998301887
77-145,3.79E-05,0.998339806
85-259,3.77E-05,0.998377476
134-299,3.71E-05,0.998414602
43-191,3.66E-05,0.998451226
33-183,3.66E-05,0.998487807
112-208,3.64E-05,0.998524171
143-255,3.63E-05,0.998560488
56-185,3.56E-05,0.998596057
199-302,3.40E-05,0.998630014
188-273,3.05E-05,0.998660482
189-221,3.04E-05,0.998690929
146-184,3.04E-05,0.99872136
189-263,3.04E-05,0.998751788
93-191,3.04E-05,0.998782215
87-208,3.04E-05,0.998812643
189-259,3.03E-05,0.998842957
125-295,2.99E-05,0.998872885
233-300,2.97E-05,0.998902573
189-216,2.91E-05,0.998931714
126-225,2.88E-05,0.9989605
268-287,2.86E-05,0.998989123
153-224,2.67E-05,0.999015789
142-300,2.28E-05,0.999038633
154-291,2.28E-05,0.999061464
64-155,2.28E-05,0.999084295
41-182,2.28E-05,0.999107125
59-70,2.28E-05,0.999129955
185-210,2.28E-05,0.999152781
186-245,2.28E-05,0.999175594
70-91,2.28E-05,0.999198397
180-212,2.27E-05,0.999221126
189-252,2.24E-05,0.999243568
131-189,2.24E-05,0.999266
155-185,2.24E-05,0.999288404
153-284,2.24E-05,0.999310802
73-186,2.23E-05,0.999333135
89-190,2.09E-05,0.999354076
141-207,2.01E-05,0.999374193
33-186,2.00E-05,0.999394169
189-260,1.94E-05,0.999413566
168-208,1.78E-05,0.999431322
158-302,1.75E-05,0.999448848
276-299,1.52E-05,0.999464082
65-117,1.52E-05,0.999479317
39-185,1.52E-05,0.999494551
153-258,1.52E-05,0.99950978
192-300,1.52E-05,0.999525008
208-259,1.52E-05,0.999540234
73-247,1.52E-05,0.999555461
172-189,1.52E-05,0.999570687
70-189,1.52E-05,0.999585913
158-300,1.52E-05,0.999601136
192-257,1.52E-05,0.999616351
191-229,1.52E-05,0.999631565
110-183,1.51E-05,0.999646703
99-186,1.50E-05,0.999661671
139-207,1.49E-05,0.999676618
100-190,1.48E-05,0.999691466
70-191,1.45E-05,0.999705941
88-182,1.45E-05,0.999720394
155-175,1.41E-05,0.999734465
41-190,1.32E-05,0.999747672
186-197,1.14E-05,0.999759103
173-208,1.13E-05,0.999770446
168-185,7.62E-06,0.999778066
70-107,7.62E-06,0.999785685
186-247,7.62E-06,0.999793303
253-288,7.62E-06,0.999800921
114-300,7.62E-06,0.999808538
141-299,7.62E-06,0.999816155
43-190,7.62E-06,0.999823771
69-202,7.62E-06,0.999831388
79-111,7.62E-06,0.999839004
184-210,7.62E-06,0.99984662
110-294,7.62E-06,0.999854236
79-259,7.62E-06,0.999861852
150-256,7.62E-06,0.999869468
46-191,7.61E-06,0.999877083
189-246,7.61E-06,0.999884689
60-208,7.58E-06,0.999892265
155-199,7.57E-06,0.999899836
223-259,7.55E-06,0.999907387
70-186,7.55E-06,0.999914936
68-245,7.52E-06,0.99992246
92-182,7.51E-06,0.999929965
34-206,7.48E-06,0.999937446
206-291,7.20E-06,0.999944644
247-300,7.20E-06,0.999951842
207-234,7.15E-06,0.999958987
254-281,7.08E-06,0.999966062
138-300,6.86E-06,0.999972921
117-290,6.86E-06,0.999979779
145-155,6.77E-06,0.999986552
96-191,6.35E-06,0.999992902
184-270,5.08E-06,0.999997981
190-233,2.02E-06,1
79-241,0,1
81-186,0,1
70-132,0,1
270-291,0,1
184-280,0,1
67-180,0,1
34-186,0,1
65-191,0,1
142-254,0,1
189-289,0,1
253-280,0,1
180-269,0,1
47-191,0,1
127-302,0,1
83-217,0,1
31-186,0,1
191-248,0,1
52-186,0,1
74-191,0,1
77-159,0,1
38-190,0,1
183-255,0,1
78-240,0,1
133-154,0,1
93-185,0,1
153-219,0,1
141-178,0,1
259-288,0,1
116-180,0,1
184-279,0,1
189-258,0,1
249-293,0,1
186-201,0,1
133-300,0,1
144-184,0,1
92-186,0,1
54-161,0,1
206-273,0,1
124-228,0,1
70-224,0,1
46-181,0,1
147-259,0,1
59-183,0,1
162-300,0,1
259-281,0,1
37-207,0,1
280-300,0,1
270-300,0,1
134-300,0,1
189-261,0,1
282-300,0,1
189-267,0,1
151-300,0,1
206-249,0,1
49-208,0,1
67-299,0,1
83-253,0,1
149-259,0,1
36-182,0,1
187-289,0,1
144-198,0,1
152-300,0,1
130-302,0,1
145-273,0,1
190-251,0,1
50-70,0,1
73-155,0,1
49-189,0,1
191-245,0,1
88-154,0,1
60-206,0,1
42-72,0,1
57-185,0,1
115-189,0,1
190-206,0,1
191-250,0,1
61-71,0,1
207-230,0,1
190-228,0,1
292-299,0,1
175-251,0,1
161-210,0,1
175-220,0,1
254-283,0,1
139-189,0,1
191-219,0,1
76-275,0,1
93-190,0,1
133-194,0,1
208-225,0,1
187-204,0,1
179-186,0,1
159-206,0,1
115-300,0,1
191-253,0,1
141-183,0,1
79-253,0,1
50-186,0,1
188-206,0,1
104-190,0,1
175-276,0,1
48-182,0,1
167-195,0,1
88-207,0,1
190-239,0,1
102-155,0,1
176-185,0,1
127-208,0,1
188-203,0,1
93-189,0,1
189-291,0,1
138-180,0,1
190-262,0,1
46-298,0,1
187-198,0,1
126-189,0,1
54-70,0,1
153-273,0,1
189-256,0,1
141-302,0,1
138-177,0,1
65-71,0,1
187-195,0,1
133-189,0,1
67-74,0,1
76-89,0,1
134-153,0,1
61-116,0,1
129-189,0,1
111-190,0,1
125-191,0,1
99-191,0,1
70-185,0,1
117-300,0,1
150-300,0,1
128-236,0,1
196-238,0,1
41-186,0,1
148-190,0,1
39-70,0,1
149-197,0,1
52-191,0,1
102-189,0,1
232-300,0,1
138-190,0,1
115-302,0,1
105-188,0,1
153-276,0,1
42-178,0,1
147-184,0,1
240-300,0,1
49-186,0,1
53-156,0,1
146-191,0,1
137-206,0,1
189-275,0,1
30-190,0,1
137-161,0,1
52-189,0,1
207-287,0,1
131-154,0,1
208-255,0,1
114-175,0,1
186-199,0,1
76-289,0,1
132-302,0,1
67-189,0,1
190-192,0,1
45-300,0,1
153-266,0,1
191-258,0,1
151-192,0,1
128-153,0,1
192-277,0,1
244-302,0,1
154-172,0,1
127-189,0,1
184-283,0,1
208-297,0,1
208-294,0,1
68-300,0,1
69-186,0,1
77-94,0,1
195-298,0,1
83-251,0,1
